1001 9100.25
1002 12450.8
1003 3200
1004 8900.5
1005 150.25
1006 25600
1007 430.75
1008 1200
1009 7850.4
1010 18600
1011 340
1012 6700.8
1013 990.25
1014 11200
1015 4500.55
1016 760
1017 13400.9
1018 2100
1019 50.75
1020 31000
1021 880.45
1022 1450
1023 9200.3
1024 410
1025 17800.6
1026 2300
1027 640.2
1028 15600
1029 7700.15
1030 120.5
1031 22400
1032 3500.75
1033 890
1034 11000.4
1035 560.25
1036 19800
1037 4200.1
1038 310
1039 16700.5
1040 2400
1041 950.85
1042 13200.2
1043 8100
1044 140.4
1045 28900
1046 5400.65
1047 720
1048 10500.3
1049 460.75
1050 21300
1051 3300.2
